hours,score
1,22
2,33
3,44
4,55
5,66